+------------+---------+--------+
|            |  A      |  B     |
+------------+---------+---------
|      0     | 0.626386| 1.52325|----axis=1----->
+------------+---------+--------+
             |         |
             | axis=0  |
             ↓         ↓

   p1  p2  p3  p4  p5
[[684 559 629 192 835]  janvier
 [763 707 359   9 723]  février
 [277 754 804 599  70]	mars
 [472 600 396 314 705]	avril
 [486 551  87 174 600]	mai
 [849 677 537 845  72]	juin
 [777 916 115 976 755]	juillet
 [709 847 431 448 850]	août
 [ 99 984 177 755 797]	septembre
 [659 147 910 423 288]	octobre
 [961 265 697 639 544]	novembre
 [543 714 244 151 675]]	décembre